
running 1 test
test history::audit_version_batch_bench::benchmark_durable_latest_batch ... BATCH_CSV,backend,messages,sample,requested,returned,elapsed_us,returned_bytes

thread 'history::audit_version_batch_bench::benchmark_durable_latest_batch' (620921) panicked at /home/radud/Desktop/Code/Rust/sockudo/audits/performance-2026-09-05/implementation/durable-version-batch-bench.rs:72:13:
assertion `left == right` failed
  left: [123, 34, 97, 112, 112, 95, 105, 100, 34, 58, 34, 97, 117, 100, 105, 116, 34, 44, 34, 99, 104, 97, 110, 110, 101, 108, 34, 58, 34, 114, 111, 111, 109, 45, 49, 48, 48, 48, 34, 44, 34, 111, 114, 105, 103, 105, 110, 97, 108, 95, 99, 108, 105, 101, 110, 116, 95, 105, 100, 34, 58, 34, 97, 99, 116, 111, 114, 34, 44, 34, 101, 110, 118, 101, 108, 111, 112, 101, 34, 58, 110, 117, 108, 108, 44, 34, 109, 101, 115, 115, 97, 103, 101, 34, 58, 123, 34, 97, 99, 116, 105, 111, 110, 34, 58, 34, 99, 114, 101, 97, 116, 101, 34, 44, 34, 105, 100, 101, 110, 116, 105, 116, 121, 34, 58, 123, 34, 109, 101, 115, 115, 97, 103, 101, 95, 115, 101, 114, 105, 97, 108, 34, 58, 34, 109, 58, 48, 48, 48, 48, 48, 48, 48, 48, 48, 48, 48, 48, 48, 48, 48, 48, 48, 48, 48, 48, 34, 44, 34, 104, 105, 115, 116, 111, 114, 121, 95, 115, 101, 114, 105, 97, 108, 34, 58, 49, 125, 44, 34, 114, 101, 112, 108, 97, 121, 95, 112, 111, 115, 105, 116, 105, 111, 110, 34, 58, 123, 34, 100, 101, 108, 105, 118, 101, 114, 121, 95, 115, 101, 114, 105, 97, 108, 34, 58, 49, 125, 44, 34, 118, 101, 114, 115, 105, 111, 110, 34, 58, 123, 34, 115, 101, 114, 105, 97, 108, 34, 58, 34, 118, 58, 48, 48, 48, 48, 48, 48, 48, 48, 48, 48, 48, 48, 48, 48, 48, 48, 48, 48, 48, 49, 34, 44, 34, 99, 108, 105, 101, 110, 116, 95, 105, 100, 34, 58, 34, 97, 99, 116, 111, 114, 34, 44, 34, 116, 105, 109, 101, 115, 116, 97, 109, 112, 95, 109, 115, 34, 58, 49, 44, 34, 100, 101, 115, 99, 114, 105, 112, 116, 105, 111, 110, 34, 58, 110, 117, 108, 108, 44, 34, 109, 101, 116, 97, 100, 97, 116, 97, 34, 58, 110, 117, 108, 108, 125, 44, 34, 110, 97, 109, 101, 34, 58, 34, 101, 118, 101, 110, 116, 34, 44, 34, 100, 97, 116, 97, 34, 58, 34, 48, 58, 49, 58, 120, 120, 120, 120, 120, 120, 120, 120, 120, 120, 120, 120, 120, 120, 120, 120, 120, 120, 120, 120, 120, 120, 120, 120, 120, 120, 120, 120, 120, 120, 120, 120, 120, 120, 120, 120, 120, 120, 120, 120, 120, 120, 120, 120, 120, 120, 120, 120, 120, 120, 120, 120, 120, 120, 120, 120, 120, 120, 120, 120, 120, 120, 120, 120, 120, 120, 120, 120, 120, 120, 120, 120, 120, 120, 120, 120, 120, 120, 120, 120, 120, 120, 120, 120, 120, 120, 120, 120, 120, 120, 120, 120, 120, 120, 120, 120, 120, 120, 120, 120, 120, 120, 120, 120, 120, 120, 120, 120, 120, 120, 120, 120, 120, 120, 120, 120, 120, 120, 120, 120, 120, 120, 120, 120, 120, 120, 120, 120, 120, 120, 120, 120, 120, 120, 120, 120, 120, 120, 120, 120, 120, 120, 120, 120, 120, 120, 120, 120, 120, 120, 120, 120, 120, 120, 120, 120, 120, 120, 120, 120, 120, 120, 120, 120, 120, 120, 120, 120, 120, 120, 120, 120, 120, 120, 120, 120, 120, 120, 120, 120, 120, 120, 120, 120, 120, 120, 120, 120, 120, 120, 120, 120, 120, 120, 120, 120, 120, 120, 120, 120, 120, 120, 120, 120, 120, 120, 120, 120, 120, 120, 120, 120, 120, 120, 120, 120, 120, 120, 120, 120, 120, 120, 120, 120, 120, 120, 120, 120, 120, 120, 120, 120, 120, 120, 120, 120, 120, 120, 120, 120, 120, 120, 120, 120, 120, 120, 120, 120, 120, 120, 120, 120, 120, 120, 120, 120, 34, 44, 34, 101, 120, 116, 114, 97, 115, 34, 58, 110, 117, 108, 108, 125, 125]
 right: [123, 34, 97, 112, 112, 95, 105, 100, 34, 58, 34, 97, 117, 100, 105, 116, 34, 44, 34, 99, 104, 97, 110, 110, 101, 108, 34, 58, 34, 114, 111, 111, 109, 45, 49, 48, 48, 48, 34, 44, 34, 111, 114, 105, 103, 105, 110, 97, 108, 95, 99, 108, 105, 101, 110, 116, 95, 105, 100, 34, 58, 34, 97, 99, 116, 111, 114, 34, 44, 34, 101, 110, 118, 101, 108, 111, 112, 101, 34, 58, 110, 117, 108, 108, 44, 34, 109, 101, 115, 115, 97, 103, 101, 34, 58, 123, 34, 97, 99, 116, 105, 111, 110, 34, 58, 34, 99, 114, 101, 97, 116, 101, 34, 44, 34, 105, 100, 101, 110, 116, 105, 116, 121, 34, 58, 123, 34, 109, 101, 115, 115, 97, 103, 101, 95, 115, 101, 114, 105, 97, 108, 34, 58, 34, 109, 58, 48, 48, 48, 48, 48, 48, 48, 48, 48, 48, 48, 48, 48, 48, 48, 48, 48, 48, 48, 48, 34, 44, 34, 104, 105, 115, 116, 111, 114, 121, 95, 115, 101, 114, 105, 97, 108, 34, 58, 49, 125, 44, 34, 114, 101, 112, 108, 97, 121, 95, 112, 111, 115, 105, 116, 105, 111, 110, 34, 58, 123, 34, 100, 101, 108, 105, 118, 101, 114, 121, 95, 115, 101, 114, 105, 97, 108, 34, 58, 51, 125, 44, 34, 118, 101, 114, 115, 105, 111, 110, 34, 58, 123, 34, 115, 101, 114, 105, 97, 108, 34, 58, 34, 118, 58, 48, 48, 48, 48, 48, 48, 48, 48, 48, 48, 48, 48, 48, 48, 48, 48, 48, 48, 48, 51, 34, 44, 34, 99, 108, 105, 101, 110, 116, 95, 105, 100, 34, 58, 34, 97, 99, 116, 111, 114, 34, 44, 34, 116, 105, 109, 101, 115, 116, 97, 109, 112, 95, 109, 115, 34, 58, 49, 44, 34, 100, 101, 115, 99, 114, 105, 112, 116, 105, 111, 110, 34, 58, 110, 117, 108, 108, 44, 34, 109, 101, 116, 97, 100, 97, 116, 97, 34, 58, 110, 117, 108, 108, 125, 44, 34, 110, 97, 109, 101, 34, 58, 34, 101, 118, 101, 110, 116, 34, 44, 34, 100, 97, 116, 97, 34, 58, 34, 48, 58, 51, 58, 120, 120, 120, 120, 120, 120, 120, 120, 120, 120, 120, 120, 120, 120, 120, 120, 120, 120, 120, 120, 120, 120, 120, 120, 120, 120, 120, 120, 120, 120, 120, 120, 120, 120, 120, 120, 120, 120, 120, 120, 120, 120, 120, 120, 120, 120, 120, 120, 120, 120, 120, 120, 120, 120, 120, 120, 120, 120, 120, 120, 120, 120, 120, 120, 120, 120, 120, 120, 120, 120, 120, 120, 120, 120, 120, 120, 120, 120, 120, 120, 120, 120, 120, 120, 120, 120, 120, 120, 120, 120, 120, 120, 120, 120, 120, 120, 120, 120, 120, 120, 120, 120, 120, 120, 120, 120, 120, 120, 120, 120, 120, 120, 120, 120, 120, 120, 120, 120, 120, 120, 120, 120, 120, 120, 120, 120, 120, 120, 120, 120, 120, 120, 120, 120, 120, 120, 120, 120, 120, 120, 120, 120, 120, 120, 120, 120, 120, 120, 120, 120, 120, 120, 120, 120, 120, 120, 120, 120, 120, 120, 120, 120, 120, 120, 120, 120, 120, 120, 120, 120, 120, 120, 120, 120, 120, 120, 120, 120, 120, 120, 120, 120, 120, 120, 120, 120, 120, 120, 120, 120, 120, 120, 120, 120, 120, 120, 120, 120, 120, 120, 120, 120, 120, 120, 120, 120, 120, 120, 120, 120, 120, 120, 120, 120, 120, 120, 120, 120, 120, 120, 120, 120, 120, 120, 120, 120, 120, 120, 120, 120, 120, 120, 120, 120, 120, 120, 120, 120, 120, 120, 120, 120, 120, 120, 120, 120, 120, 120, 120, 120, 120, 120, 120, 120, 120, 120, 34, 44, 34, 101, 120, 116, 114, 97, 115, 34, 58, 110, 117, 108, 108, 125, 125]
note: run with `RUST_BACKTRACE=1` environment variable to display a backtrace
FAILED

failures:

failures:
    history::audit_version_batch_bench::benchmark_durable_latest_batch

test result: FAILED. 0 passed; 1 failed; 0 ignored; 0 measured; 111 filtered out; finished in 6.58s

